0.979828 -0.987636 0.001490 -1.979446 0.000755 1.544127 0.753767 
0.978955 -0.986917 0.001566 -1.978680 0.000727 1.544194 0.753557 
0.977793 -0.985830 0.001596 -1.977720 0.000680 1.544700 0.753268 
0.976589 -0.984516 0.001528 -1.976788 0.000606 1.545481 0.752860 
0.975378 -0.983093 0.001345 -1.976010 0.000500 1.546422 0.752327 
0.974262 -0.981588 0.001071 -1.975418 0.000312 1.547342 0.751725 
0.973307 -0.979969 0.000766 -1.974998 0.000011 1.548197 0.751079 
0.972501 -0.978482 0.000476 -1.974691 -0.000264 1.548910 0.750467 
0.971835 -0.977075 0.000234 -1.974464 -0.000528 1.549500 0.749841 
0.971275 -0.975703 0.000022 -1.974289 -0.000775 1.550020 0.749156 
0.970794 -0.974324 -0.000172 -1.974141 -0.001006 1.550514 0.748374 
0.970308 -0.972918 -0.000423 -1.973992 -0.001242 1.550994 0.747525 
0.969831 -0.971451 -0.000730 -1.973862 -0.001526 1.551420 0.746605 
0.969358 -0.969931 -0.001063 -1.973823 -0.001904 1.551802 0.745649 
0.968930 -0.968359 -0.001367 -1.973864 -0.002402 1.552193 0.744671 
0.968545 -0.966910 -0.001648 -1.973903 -0.002869 1.552573 0.743718 
0.968202 -0.965566 -0.001946 -1.973943 -0.003295 1.552959 0.742795 
0.967889 -0.964307 -0.002289 -1.973985 -0.003713 1.553343 0.741909 
0.967584 -0.963112 -0.002690 -1.974036 -0.004167 1.553707 0.741070 
0.967263 -0.961959 -0.003158 -1.974105 -0.004691 1.554035 0.740284 
0.966900 -0.960825 -0.003698 -1.974201 -0.005286 1.554323 0.739561 
0.966473 -0.959688 -0.004308 -1.974336 -0.005944 1.554577 0.738913 
0.965970 -0.958526 -0.004980 -1.974513 -0.006671 1.554815 0.738345 
0.965398 -0.957323 -0.005759 -1.974721 -0.007445 1.555054 0.737863 
0.964858 -0.956162 -0.006492 -1.974907 -0.008184 1.555306 0.737361 
0.964353 -0.955034 -0.007227 -1.975080 -0.008881 1.555576 0.736856 
0.963870 -0.953925 -0.007993 -1.975251 -0.009569 1.555850 0.736363 
0.963360 -0.952793 -0.008790 -1.975399 -0.010297 1.556066 0.735876 
0.962727 -0.951605 -0.009638 -1.975569 -0.011137 1.556256 0.735408 
0.961987 -0.950345 -0.010547 -1.975789 -0.012082 1.556433 0.734978 
0.961192 -0.949009 -0.011532 -1.976069 -0.013095 1.556597 0.734601 
0.960394 -0.947597 -0.012538 -1.976413 -0.014151 1.556720 0.734300 
0.959553 -0.946103 -0.013601 -1.976806 -0.015231 1.556806 0.734087 
0.958626 -0.944517 -0.014727 -1.977234 -0.016367 1.556814 0.733986 
0.957597 -0.942797 -0.015926 -1.977698 -0.017542 1.556752 0.733963 
0.956453 -0.940948 -0.017240 -1.978210 -0.018782 1.556623 0.734028 
0.955187 -0.938976 -0.018669 -1.978768 -0.020109 1.556424 0.734189 
0.953813 -0.936880 -0.020240 -1.979392 -0.021532 1.556153 0.734483 
0.952271 -0.934647 -0.021937 -1.980070 -0.023062 1.555807 0.734880 
0.950546 -0.932284 -0.023723 -1.980883 -0.024692 1.555442 0.735428 
0.948630 -0.929772 -0.025611 -1.981847 -0.026433 1.555025 0.736173 
0.946555 -0.927110 -0.027611 -1.983019 -0.028267 1.554608 0.737084 
0.944389 -0.924416 -0.029593 -1.984450 -0.030072 1.554188 0.738115 
0.942045 -0.921701 -0.031593 -1.986165 -0.031804 1.553820 0.739210 
0.939531 -0.919009 -0.033550 -1.988200 -0.033367 1.553575 0.740319 
0.937026 -0.916386 -0.035288 -1.990475 -0.034696 1.553394 0.741439 
0.934521 -0.913788 -0.036857 -1.992905 -0.035839 1.553242 0.742530 
0.932033 -0.911182 -0.038321 -1.995447 -0.036732 1.553048 0.743614 
0.929680 -0.908610 -0.039634 -1.998013 -0.037394 1.552803 0.744726 
0.927533 -0.906089 -0.040776 -2.000569 -0.037872 1.552515 0.745890 
0.925548 -0.903625 -0.041792 -2.003164 -0.038171 1.552185 0.747147 
0.923772 -0.901254 -0.042641 -2.005791 -0.038264 1.551864 0.748559 
0.922098 -0.898974 -0.043360 -2.008406 -0.038172 1.551550 0.750109 
0.920478 -0.896800 -0.043953 -2.010889 -0.037977 1.551221 0.751798 
0.918920 -0.894615 -0.044427 -2.013277 -0.037768 1.550817 0.753626 
0.917368 -0.892307 -0.044834 -2.015712 -0.037574 1.550308 0.755554 
0.915766 -0.889858 -0.045225 -2.018152 -0.037468 1.549761 0.757565 
0.914090 -0.887369 -0.045595 -2.020496 -0.037482 1.549285 0.759640 
0.912326 -0.884904 -0.045968 -2.022623 -0.037619 1.548880 0.761691 
0.910429 -0.882458 -0.046369 -2.024523 -0.037914 1.548478 0.763702 
0.908402 -0.880026 -0.046805 -2.026242 -0.038422 1.548106 0.765652 
0.906238 -0.877613 -0.047288 -2.027833 -0.039134 1.547835 0.767489 
0.903910 -0.875250 -0.047843 -2.029311 -0.040016 1.547703 0.769198 
0.901443 -0.873049 -0.048454 -2.030696 -0.041046 1.547703 0.770765 
0.898862 -0.871093 -0.049031 -2.032034 -0.042180 1.547805 0.772121 
0.896342 -0.869076 -0.049623 -2.033441 -0.043264 1.547862 0.773506 
0.893844 -0.867022 -0.050191 -2.034892 -0.044307 1.547904 0.774880 
0.891355 -0.864921 -0.050762 -2.036430 -0.045324 1.547939 0.776248 
0.888896 -0.862760 -0.051382 -2.038055 -0.046252 1.547966 0.777621 
0.886478 -0.860524 -0.052009 -2.039750 -0.047117 1.547960 0.779048 
0.884099 -0.858196 -0.052610 -2.041472 -0.047950 1.547925 0.780518 
0.881715 -0.855792 -0.053095 -2.043231 -0.048770 1.547833 0.782018 
0.879289 -0.853297 -0.053524 -2.045034 -0.049573 1.547670 0.783509 
0.876782 -0.850696 -0.053998 -2.046850 -0.050354 1.547495 0.784937 
0.874283 -0.848018 -0.054582 -2.048715 -0.051087 1.547333 0.786297 
0.871930 -0.845302 -0.055240 -2.050642 -0.051758 1.547267 0.787588 
0.869716 -0.842561 -0.055902 -2.052616 -0.052417 1.547263 0.788808 
0.867610 -0.839817 -0.056604 -2.054661 -0.053073 1.547354 0.789949 
0.865502 -0.837052 -0.057342 -2.056823 -0.053764 1.547536 0.790985 
0.863352 -0.834236 -0.058046 -2.059099 -0.054515 1.547866 0.791880 
0.861162 -0.831382 -0.058713 -2.061508 -0.055276 1.548386 0.792602 
0.858990 -0.828529 -0.059300 -2.063984 -0.056041 1.549028 0.793216 
0.856851 -0.825714 -0.059812 -2.066487 -0.056786 1.549713 0.793775 
0.854733 -0.822953 -0.060297 -2.068996 -0.057528 1.550384 0.794289 
0.852604 -0.820252 -0.060781 -2.071481 -0.058256 1.550987 0.794757 
0.850457 -0.817597 -0.061246 -2.073918 -0.058962 1.551545 0.795186 
0.848256 -0.814999 -0.061670 -2.076323 -0.059646 1.552113 0.795614 
0.846010 -0.812387 -0.061986 -2.078724 -0.060333 1.552767 0.796000 
0.843749 -0.809749 -0.062225 -2.081179 -0.061008 1.553505 0.796293 
0.841481 -0.807096 -0.062469 -2.083693 -0.061653 1.554313 0.796490 
0.839201 -0.804424 -0.062739 -2.086192 -0.062247 1.555205 0.796620 
0.836939 -0.801754 -0.063026 -2.088643 -0.062813 1.556182 0.796696 
0.834704 -0.799072 -0.063343 -2.091023 -0.063362 1.557230 0.796796 
0.832477 -0.796407 -0.063664 -2.093362 -0.063896 1.558323 0.796959 
0.830254 -0.793790 -0.063985 -2.095709 -0.064422 1.559461 0.797175 
0.828031 -0.791230 -0.064235 -2.098078 -0.064938 1.560595 0.797338 
0.825848 -0.788743 -0.064474 -2.100443 -0.065466 1.561784 0.797451 
0.823773 -0.786320 -0.064689 -2.102820 -0.065974 1.563105 0.797517 
0.821819 -0.783984 -0.064820 -2.105190 -0.066448 1.564572 0.797578 
0.819985 -0.781735 -0.064873 -2.107558 -0.066858 1.566160 0.797685 
0.818282 -0.779570 -0.064867 -2.109959 -0.067188 1.567850 0.797861 
0.816680 -0.777495 -0.064813 -2.112401 -0.067436 1.569539 0.798075 
0.815168 -0.775494 -0.064691 -2.114905 -0.067588 1.571212 0.798390 
0.813723 -0.773621 -0.064505 -2.117481 -0.067639 1.572878 0.798836 
0.812323 -0.771914 -0.064226 -2.120081 -0.067546 1.574533 0.799432 
0.811001 -0.770326 -0.063885 -2.122787 -0.067357 1.576182 0.800156 
0.809785 -0.768838 -0.063470 -2.125541 -0.067136 1.577847 0.801006 
0.808646 -0.767479 -0.062988 -2.128279 -0.066913 1.579536 0.801953 
0.807523 -0.766254 -0.062465 -2.130987 -0.066742 1.581246 0.802977 
0.806395 -0.765122 -0.061952 -2.133667 -0.066591 1.582972 0.804073 
0.805306 -0.764016 -0.061449 -2.136333 -0.066396 1.584708 0.805244 
0.804278 -0.762938 -0.060937 -2.139028 -0.066157 1.586469 0.806454 
0.803395 -0.761891 -0.060387 -2.141806 -0.065904 1.588231 0.807682 
0.802656 -0.760872 -0.059767 -2.144693 -0.065625 1.589975 0.808942 
0.802023 -0.759835 -0.059097 -2.147623 -0.065289 1.591722 0.810257 
0.801416 -0.758771 -0.058379 -2.150533 -0.064906 1.593531 0.811605 
0.800752 -0.757684 -0.057593 -2.153387 -0.064443 1.595397 0.813008 
0.800109 -0.756598 -0.056642 -2.156138 -0.063868 1.597263 0.814485 
0.799541 -0.755441 -0.055596 -2.158846 -0.063233 1.599115 0.816021 
0.799027 -0.754232 -0.054513 -2.161574 -0.062570 1.601011 0.817661 
0.798554 -0.753067 -0.053360 -2.164311 -0.061894 1.602948 0.819411 
0.798102 -0.751997 -0.052146 -2.167005 -0.061190 1.604921 0.821264 
0.797620 -0.751093 -0.050854 -2.169684 -0.060477 1.606938 0.823163 
0.797125 -0.750366 -0.049441 -2.172392 -0.059676 1.609023 0.825073 
0.796710 -0.749767 -0.047947 -2.175230 -0.058752 1.611178 0.826992 
0.796448 -0.749245 -0.046421 -2.178194 -0.057730 1.613386 0.828919 
0.796209 -0.748727 -0.044850 -2.181195 -0.056623 1.615607 0.830842 
0.795839 -0.748243 -0.043264 -2.184193 -0.055487 1.617808 0.832778 
0.795353 -0.747850 -0.041537 -2.187145 -0.054319 1.619983 0.834741 
0.794815 -0.747501 -0.039699 -2.190095 -0.053170 1.622162 0.836722 
0.794287 -0.747124 -0.037804 -2.193014 -0.052060 1.624376 0.838705 
0.793793 -0.746680 -0.035919 -2.195843 -0.050994 1.626669 0.840678 
0.793268 -0.746197 -0.034034 -2.198668 -0.049953 1.629009 0.842646 
0.792764 -0.745706 -0.032059 -2.201557 -0.048938 1.631415 0.844667 
0.792266 -0.745227 -0.029931 -2.204509 -0.047905 1.633834 0.846727 
0.791835 -0.744734 -0.027667 -2.207457 -0.046801 1.636298 0.848861 
0.791501 -0.744219 -0.025320 -2.210381 -0.045620 1.638826 0.851059 
0.791232 -0.743665 -0.022910 -2.213245 -0.044354 1.641382 0.853296 
0.790998 -0.743108 -0.020475 -2.216091 -0.043034 1.643913 0.855568 
0.790765 -0.742605 -0.017976 -2.218900 -0.041716 1.646422 0.857877 
0.790496 -0.742201 -0.015391 -2.221675 -0.040418 1.648913 0.860188 
0.790186 -0.741868 -0.012734 -2.224436 -0.039120 1.651421 0.862477 
0.789838 -0.741577 -0.010063 -2.227199 -0.037791 1.653962 0.864704 
0.789506 -0.741336 -0.007308 -2.229876 -0.036348 1.656501 0.866891 
0.789164 -0.741106 -0.004493 -2.232475 -0.034791 1.659045 0.869054 
0.788748 -0.740893 -0.001579 -2.235007 -0.033145 1.661580 0.871241 
0.788245 -0.740690 0.001414 -2.237548 -0.031368 1.664111 0.873498 
0.787677 -0.740539 0.004412 -2.240205 -0.029473 1.666625 0.875779 
0.787145 -0.740457 0.007405 -2.242975 -0.027462 1.669083 0.878101 
0.786714 -0.740426 0.010477 -2.245760 -0.025410 1.671472 0.880461 
0.786380 -0.740452 0.013674 -2.248448 -0.023342 1.673823 0.882861 
0.786038 -0.740443 0.016811 -2.251139 -0.021331 1.676186 0.885250 
0.785646 -0.740466 0.019918 -2.253808 -0.019356 1.678554 0.887663 
0.785195 -0.740500 0.023024 -2.256569 -0.017379 1.680938 0.890092 
0.784722 -0.740540 0.026146 -2.259366 -0.015411 1.683345 0.892520 
0.784260 -0.740571 0.029273 -2.262158 -0.013433 1.685758 0.894958 
0.783849 -0.740574 0.032398 -2.264937 -0.011441 1.688144 0.897385 
0.783504 -0.740545 0.035495 -2.267711 -0.009442 1.690435 0.899810 
0.783207 -0.740508 0.038618 -2.270425 -0.007484 1.692669 0.902292 
0.782981 -0.740497 0.041780 -2.273095 -0.005599 1.694897 0.904846 
0.782826 -0.740492 0.045018 -2.275734 -0.003771 1.697145 0.907475 
0.782678 -0.740555 0.048397 -2.278332 -0.001998 1.699459 0.910161 
0.782497 -0.740661 0.051866 -2.280961 -0.000244 1.701840 0.912940 
0.782339 -0.740827 0.055404 -2.283619 0.001497 1.704310 0.915869 
0.782221 -0.741017 0.058980 -2.286354 0.003244 1.706842 0.918892 
0.782119 -0.741208 0.062632 -2.289156 0.004996 1.709412 0.922002 
0.782061 -0.741399 0.066277 -2.291995 0.006750 1.712000 0.925160 
0.782054 -0.741598 0.069932 -2.294802 0.008527 1.714612 0.928357 
0.782118 -0.741786 0.073632 -2.297574 0.010355 1.717288 0.931587 
0.782180 -0.741978 0.077320 -2.300336 0.012197 1.719975 0.934796 
0.782253 -0.742159 0.080974 -2.303080 0.014056 1.722675 0.937984 
0.782331 -0.742320 0.084610 -2.305827 0.015923 1.725393 0.941169 
0.782459 -0.742441 0.088229 -2.308603 0.017786 1.728099 0.944379 
0.782588 -0.742526 0.091816 -2.311420 0.019642 1.730748 0.947612 
0.782664 -0.742588 0.095392 -2.314230 0.021452 1.733368 0.950872 
0.782675 -0.742662 0.098953 -2.317030 0.023191 1.735961 0.954174 
0.782646 -0.742734 0.102498 -2.319816 0.024854 1.738550 0.957500 
0.782603 -0.742856 0.106032 -2.322577 0.026449 1.741150 0.960825 
0.782588 -0.743024 0.109565 -2.325348 0.028019 1.743768 0.964233 
0.782617 -0.743225 0.113115 -2.328140 0.029603 1.746407 0.967728 
0.782741 -0.743425 0.116740 -2.330886 0.031222 1.749086 0.971261 
0.782973 -0.743604 0.120422 -2.333590 0.032886 1.751812 0.974762 
0.783310 -0.743707 0.124137 -2.336277 0.034660 1.754593 0.978210 
0.783619 -0.743812 0.127837 -2.338971 0.036431 1.757364 0.981649 
0.783888 -0.743900 0.131498 -2.341651 0.038196 1.760145 0.985073 
0.784123 -0.743940 0.135207 -2.344352 0.039967 1.762907 0.988452 
0.784335 -0.743947 0.138919 -2.347071 0.041733 1.765656 0.991807 
0.784576 -0.743899 0.142579 -2.349799 0.043482 1.768366 0.995209 
0.784855 -0.743790 0.146189 -2.352509 0.045239 1.771026 0.998641 
0.785207 -0.743628 0.149786 -2.355225 0.047033 1.773619 1.002124 
0.785629 -0.743434 0.153389 -2.357946 0.048887 1.776160 1.005674 
0.786118 -0.743223 0.157010 -2.360637 0.050781 1.778679 1.009245 
0.786625 -0.743030 0.160645 -2.363303 0.052719 1.781202 1.012810 
0.787156 -0.742823 0.164339 -2.365939 0.054710 1.783778 1.016301 
0.787635 -0.742637 0.168120 -2.368594 0.056770 1.786424 1.019795 
0.788050 -0.742463 0.171978 -2.371333 0.058874 1.789153 1.023318 
0.788509 -0.742238 0.175940 -2.374161 0.060970 1.791985 1.026857 
0.789020 -0.742007 0.179969 -2.377122 0.063054 1.794912 1.030456 
0.789538 -0.741726 0.183979 -2.380206 0.065102 1.797916 1.034143 
0.790035 -0.741400 0.187970 -2.383290 0.067116 1.800965 1.037873 
0.790515 -0.741053 0.191983 -2.386270 0.069096 1.804002 1.041610 
0.790976 -0.740720 0.196059 -2.389223 0.071022 1.807057 1.045380 
0.791437 -0.740358 0.200165 -2.392240 0.072922 1.810095 1.049144 
0.791891 -0.740017 0.204243 -2.395238 0.074824 1.813123 1.052898 
0.792358 -0.739685 0.208306 -2.398237 0.076733 1.816147 1.056646 
0.792829 -0.739326 0.212344 -2.401203 0.078652 1.819178 1.060377 
0.793306 -0.738932 0.216388 -2.404168 0.080573 1.822221 1.064103 
0.793769 -0.738492 0.220419 -2.407115 0.082524 1.825286 1.067833 
0.794238 -0.738020 0.224457 -2.410066 0.084534 1.828365 1.071572 
0.794715 -0.737525 0.228510 -2.413039 0.086600 1.831429 1.075305 
0.795198 -0.737013 0.232561 -2.416044 0.088732 1.834495 1.079010 
0.795654 -0.736487 0.236577 -2.419037 0.090930 1.837540 1.082647 
0.796186 -0.735945 0.240573 -2.422039 0.093151 1.840580 1.086267 
0.796820 -0.735360 0.244565 -2.425071 0.095378 1.843680 1.089904 
0.797522 -0.734731 0.248567 -2.428180 0.097612 1.846874 1.093553 
0.798236 -0.734078 0.252592 -2.431372 0.099872 1.850162 1.097152 
0.798956 -0.733430 0.256648 -2.434641 0.102163 1.853520 1.100698 
0.799737 -0.732792 0.260736 -2.437984 0.104492 1.856933 1.104247 
0.800626 -0.732162 0.264864 -2.441398 0.106856 1.860392 1.107842 
0.801600 -0.731533 0.269034 -2.444851 0.109258 1.863897 1.111474 
0.802593 -0.730892 0.273246 -2.448290 0.111694 1.867457 1.115106 
0.803566 -0.730225 0.277496 -2.451699 0.114139 1.871092 1.118722 
0.804520 -0.729518 0.281777 -2.455090 0.116566 1.874808 1.122336 
0.805475 -0.728750 0.286082 -2.458481 0.118979 1.878596 1.125953 
0.806436 -0.727906 0.290390 -2.461875 0.121380 1.882446 1.129556 
0.807406 -0.726987 0.294648 -2.465275 0.123752 1.886344 1.133116 
0.808403 -0.725988 0.298825 -2.468678 0.126072 1.890292 1.136621 
0.809435 -0.724901 0.302930 -2.472080 0.128323 1.894297 1.140073 
0.810506 -0.723714 0.306980 -2.475480 0.130511 1.898366 1.143480 
0.811614 -0.722429 0.310982 -2.478872 0.132649 1.902504 1.146853 
0.812767 -0.721054 0.314941 -2.482254 0.134745 1.906711 1.150208 
0.813970 -0.719603 0.318863 -2.485623 0.136802 1.910987 1.153562 
0.815221 -0.718090 0.322744 -2.488980 0.138822 1.915326 1.156921 
0.816521 -0.716524 0.326581 -2.492326 0.140802 1.919729 1.160285 
0.817861 -0.714907 0.330371 -2.495659 0.142740 1.924188 1.163647 
0.819241 -0.713221 0.334115 -2.498968 0.144637 1.928708 1.167007 
0.820648 -0.711465 0.337808 -2.502259 0.146494 1.933283 1.170348 
0.822083 -0.709642 0.341455 -2.505524 0.148312 1.937913 1.173676 
0.823541 -0.707761 0.345060 -2.508763 0.150102 1.942592 1.176994 
0.825026 -0.705825 0.348630 -2.511978 0.151862 1.947323 1.180309 
0.826535 -0.703835 0.352168 -2.515170 0.153591 1.952108 1.183624 
0.828074 -0.701789 0.355673 -2.518337 0.155284 1.956949 1.186939 
0.829635 -0.699686 0.359138 -2.521479 0.156938 1.961837 1.190252 
0.831210 -0.697528 0.362559 -2.524597 0.158552 1.966769 1.193558 
0.832803 -0.695314 0.365933 -2.527690 0.160120 1.971745 1.196853 
0.834415 -0.693034 0.369259 -2.530754 0.161643 1.976766 1.200129 
0.836044 -0.690689 0.372532 -2.533786 0.163125 1.981832 1.203373 
0.837687 -0.688287 0.375747 -2.536790 0.164566 1.986941 1.206580 
0.839345 -0.685826 0.378906 -2.539768 0.165964 1.992093 1.209748 
0.841027 -0.683306 0.382013 -2.542727 0.167321 1.997291 1.212876 
0.842732 -0.680723 0.385066 -2.545656 0.168644 2.002535 1.215973 
0.844452 -0.678079 0.388063 -2.548558 0.169930 2.007823 1.219048 
0.846196 -0.675375 0.390997 -2.551436 0.171179 2.013149 1.222111 
0.847961 -0.672615 0.393864 -2.554286 0.172386 2.018511 1.225173 
0.849746 -0.669800 0.396662 -2.557102 0.173550 2.023901 1.228236 
0.851549 -0.666916 0.399396 -2.559880 0.174670 2.029315 1.231296 
0.853370 -0.663965 0.402075 -2.562615 0.175749 2.034746 1.234342 
0.855200 -0.660945 0.404702 -2.565311 0.176794 2.040192 1.237378 
0.857039 -0.657850 0.407290 -2.567968 0.177811 2.045653 1.240407 
0.858880 -0.654674 0.409850 -2.570587 0.178802 2.051131 1.243446 
0.860727 -0.651417 0.412391 -2.573171 0.179765 2.056632 1.246499 
0.862580 -0.648090 0.414911 -2.575722 0.180694 2.062159 1.249575 
0.864435 -0.644702 0.417408 -2.578237 0.181582 2.067708 1.252666 
0.866276 -0.641262 0.419871 -2.580718 0.182424 2.073274 1.255774 
0.868101 -0.637781 0.422301 -2.583161 0.183222 2.078843 1.258892 
0.869905 -0.634260 0.424688 -2.585566 0.183974 2.084408 1.262032 
0.871684 -0.630701 0.427036 -2.587918 0.184674 2.089959 1.265188 
0.873432 -0.627106 0.429357 -2.590206 0.185328 2.095500 1.268361 
0.875151 -0.623479 0.431658 -2.592435 0.185950 2.101032 1.271549 
0.876841 -0.619820 0.433940 -2.594604 0.186540 2.106562 1.274750 
0.878503 -0.616135 0.436199 -2.596715 0.187093 2.112093 1.277961 
0.880141 -0.612419 0.438427 -2.598770 0.187598 2.117629 1.281183 
0.881756 -0.608667 0.440632 -2.600771 0.188043 2.123167 1.284422 
0.883344 -0.604884 0.442820 -2.602724 0.188428 2.128691 1.287675 
0.884904 -0.601084 0.444983 -2.604630 0.188762 2.134202 1.290952 
0.886437 -0.597278 0.447118 -2.606479 0.189053 2.139699 1.294257 
0.887946 -0.593464 0.449241 -2.608275 0.189306 2.145185 1.297597 
0.889428 -0.589628 0.451361 -2.610028 0.189525 2.150662 1.300964 
0.890876 -0.585764 0.453490 -2.611752 0.189713 2.156130 1.304345 
0.892284 -0.581873 0.455620 -2.613443 0.189860 2.161594 1.307735 
0.893647 -0.577960 0.457740 -2.615089 0.189955 2.167062 1.311142 
0.894968 -0.574035 0.459843 -2.616690 0.190005 2.172532 1.314572 
0.896252 -0.570103 0.461942 -2.618245 0.190018 2.177998 1.318033 
0.897504 -0.566165 0.464038 -2.619759 0.189996 2.183459 1.321527 
0.898731 -0.562222 0.466125 -2.621238 0.189928 2.188915 1.325050 
0.899933 -0.558269 0.468199 -2.622681 0.189802 2.194365 1.328593 
0.901113 -0.554298 0.470254 -2.624091 0.189612 2.199804 1.332160 
0.902275 -0.550296 0.472291 -2.625468 0.189360 2.205220 1.335745 
0.903425 -0.546258 0.474308 -2.626808 0.189052 2.210608 1.339351 
0.904564 -0.542182 0.476302 -2.628109 0.188688 2.215964 1.342974 
0.905692 -0.538063 0.478274 -2.629367 0.188268 2.221291 1.346616 
0.906804 -0.533898 0.480223 -2.630582 0.187791 2.226588 1.350266 
0.907899 -0.529686 0.482148 -2.631754 0.187263 2.231863 1.353930 
0.908978 -0.525422 0.484052 -2.632880 0.186682 2.237122 1.357607 
0.910047 -0.521110 0.485939 -2.633965 0.186047 2.242367 1.361297 
0.911106 -0.516755 0.487808 -2.635011 0.185356 2.247589 1.364998 
0.912158 -0.512361 0.489650 -2.636022 0.184605 2.252788 1.368710 
0.913204 -0.507922 0.491463 -2.636989 0.183790 2.257962 1.372436 
0.914248 -0.503435 0.493237 -2.637911 0.182911 2.263111 1.376178 
0.915286 -0.498897 0.494969 -2.638782 0.181973 2.268231 1.379926 
0.916315 -0.494306 0.496659 -2.639605 0.180973 2.273326 1.383678 
0.917330 -0.489661 0.498304 -2.640381 0.179908 2.278393 1.387434 
0.918332 -0.484962 0.499898 -2.641115 0.178775 2.283427 1.391195 
0.919331 -0.480207 0.501444 -2.641812 0.177567 2.288434 1.394963 
0.920338 -0.475397 0.502947 -2.642469 0.176279 2.293417 1.398746 
0.921357 -0.470539 0.504404 -2.643087 0.174912 2.298376 1.402543 
0.922393 -0.465642 0.505818 -2.643673 0.173463 2.303307 1.406357 
0.923448 -0.460712 0.507195 -2.644230 0.171928 2.308205 1.410194 
0.924518 -0.455755 0.508544 -2.644759 0.170308 2.313060 1.414057 
0.925600 -0.450771 0.509869 -2.645257 0.168607 2.317871 1.417948 
0.926696 -0.445761 0.511168 -2.645728 0.166830 2.322634 1.421869 
0.927806 -0.440718 0.512447 -2.646160 0.164985 2.327352 1.425816 
0.928934 -0.435641 0.513711 -2.646551 0.163081 2.332030 1.429793 
0.930078 -0.430530 0.514953 -2.646895 0.161126 2.336668 1.433797 
0.931238 -0.425380 0.516175 -2.647183 0.159121 2.341261 1.437834 
0.932400 -0.420188 0.517376 -2.647420 0.157070 2.345805 1.441890 
0.933570 -0.414942 0.518566 -2.647620 0.154966 2.350306 1.445974 
0.934746 -0.409631 0.519741 -2.647793 0.152819 2.354768 1.450082 
0.935931 -0.404257 0.520899 -2.647936 0.150632 2.359199 1.454224 
0.937117 -0.398832 0.522037 -2.648049 0.148409 2.363603 1.458386 
0.938300 -0.393375 0.523158 -2.648132 0.146154 2.367988 1.462573 
0.939472 -0.387889 0.524261 -2.648190 0.143868 2.372361 1.466768 
0.940627 -0.382387 0.525349 -2.648206 0.141547 2.376720 1.470990 
0.941772 -0.376875 0.526415 -2.648176 0.139197 2.381074 1.475219 
0.942894 -0.371364 0.527461 -2.648087 0.136819 2.385412 1.479458 
0.944002 -0.365837 0.528495 -2.647952 0.134396 2.389736 1.483707 
0.945090 -0.360280 0.529507 -2.647782 0.131934 2.394041 1.487949 
0.946169 -0.354692 0.530491 -2.647572 0.129436 2.398313 1.492199 
0.947250 -0.349079 0.531453 -2.647322 0.126910 2.402553 1.496454 
0.948330 -0.343451 0.532412 -2.647028 0.124356 2.406751 1.500717 
0.949403 -0.337814 0.533372 -2.646696 0.121772 2.410904 1.504982 
0.950467 -0.332165 0.534332 -2.646339 0.119154 2.415012 1.509246 
0.951516 -0.326498 0.535282 -2.645961 0.116508 2.419090 1.513512 
0.952550 -0.320816 0.536232 -2.645563 0.113829 2.423135 1.517784 
0.953569 -0.315132 0.537192 -2.645148 0.111121 2.427141 1.522056 
0.954568 -0.309451 0.538171 -2.644706 0.108386 2.431088 1.526331 
0.955541 -0.303775 0.539169 -2.644231 0.105635 2.434977 1.530607 
0.956502 -0.298089 0.540153 -2.643767 0.102858 2.438807 1.534897 
0.957445 -0.292395 0.541154 -2.643301 0.100064 2.442595 1.539240 
0.958365 -0.286701 0.542200 -2.642838 0.097257 2.446332 1.543626 
0.959259 -0.281010 0.543300 -2.642374 0.094440 2.450003 1.548031 
0.960127 -0.275325 0.544466 -2.641885 0.091613 2.453599 1.552448 
0.960963 -0.269668 0.545694 -2.641369 0.088776 2.457134 1.556862 
0.961753 -0.264074 0.546961 -2.640858 0.085927 2.460624 1.561245 
0.962486 -0.258545 0.548214 -2.640344 0.083076 2.464072 1.565610 
0.963195 -0.253052 0.549380 -2.639861 0.080213 2.467483 1.569974 
0.963894 -0.247582 0.550450 -2.639365 0.077339 2.470857 1.574358 
0.964602 -0.242148 0.551463 -2.638857 0.074450 2.474186 1.578765 
0.965330 -0.236763 0.552476 -2.638360 0.071530 2.477473 1.583180 
0.966075 -0.231460 0.553534 -2.637892 0.068554 2.480722 1.587567 
0.966813 -0.226208 0.554590 -2.637423 0.065539 2.483914 1.591924 
0.967519 -0.220985 0.555610 -2.636952 0.062526 2.487043 1.596239 
0.968199 -0.215781 0.556560 -2.636476 0.059542 2.490092 1.600531 
0.968875 -0.210601 0.557471 -2.635974 0.056561 2.493074 1.604844 
0.969555 -0.205463 0.558369 -2.635433 0.053541 2.495980 1.609149 
0.970245 -0.200389 0.559285 -2.634895 0.050452 2.498815 1.613424 
0.970933 -0.195352 0.560211 -2.634336 0.047309 2.501543 1.617689 
0.971617 -0.190306 0.561107 -2.633759 0.044135 2.504179 1.621961 
0.972297 -0.185252 0.561967 -2.633180 0.040947 2.506752 1.626223 
0.972961 -0.180189 0.562807 -2.632576 0.037766 2.509229 1.630465 
0.973639 -0.175125 0.563702 -2.631934 0.034584 2.511607 1.634699 
0.974333 -0.170081 0.564650 -2.631241 0.031387 2.513893 1.638909 
0.975044 -0.165046 0.565620 -2.630497 0.028152 2.516090 1.643090 
0.975742 -0.160011 0.566568 -2.629691 0.024897 2.518197 1.647241 
0.976449 -0.154968 0.567474 -2.628848 0.021640 2.520252 1.651343 
0.977171 -0.149909 0.568293 -2.627934 0.018411 2.522290 1.655412 
0.977968 -0.144829 0.569028 -2.626951 0.015225 2.524354 1.659438 
0.978874 -0.139722 0.569690 -2.625913 0.012078 2.526412 1.663418 
0.979843 -0.134570 0.570308 -2.624852 0.008986 2.528487 1.667353 
0.980852 -0.129365 0.570879 -2.623774 0.005938 2.530545 1.671234 
0.981882 -0.124117 0.571429 -2.622680 0.002945 2.532577 1.675033 
0.982942 -0.118828 0.571929 -2.621629 -0.000009 2.534520 1.678735 
0.984016 -0.113539 0.572379 -2.620608 -0.002895 2.536379 1.682366 
0.985045 -0.108256 0.572775 -2.619569 -0.005731 2.538171 1.685968 
0.986024 -0.102955 0.573120 -2.618479 -0.008500 2.539946 1.689579 
0.986967 -0.097648 0.573438 -2.617324 -0.011209 2.541716 1.693149 
0.987885 -0.092328 0.573751 -2.616123 -0.013862 2.543462 1.696694 
0.988760 -0.086995 0.574095 -2.614891 -0.016472 2.545180 1.700203 
0.989570 -0.081659 0.574455 -2.613660 -0.019035 2.546918 1.703733 
0.990338 -0.076341 0.574783 -2.612438 -0.021549 2.548713 1.707316 
0.991098 -0.071076 0.575072 -2.611195 -0.024050 2.550568 1.710927 
0.991847 -0.065858 0.575296 -2.609882 -0.026580 2.552464 1.714553 
0.992564 -0.060678 0.575484 -2.608485 -0.029155 2.554383 1.718218 
0.993267 -0.055565 0.575694 -2.607044 -0.031789 2.556326 1.721911 
0.993976 -0.050528 0.575913 -2.605635 -0.034517 2.558293 1.725590 
0.994681 -0.045575 0.576140 -2.604293 -0.037293 2.560261 1.729251 
0.995323 -0.040680 0.576384 -2.602971 -0.040110 2.562203 1.732898 
0.995912 -0.035871 0.576643 -2.601624 -0.042965 2.564088 1.736531 
0.996440 -0.031100 0.576899 -2.600214 -0.045961 2.565892 1.740135 
0.996979 -0.026352 0.577108 -2.598768 -0.048987 2.567632 1.743676 
0.997547 -0.021596 0.577258 -2.597298 -0.051915 2.569343 1.747138 
0.998103 -0.016820 0.577341 -2.595762 -0.054690 2.571034 1.750492 
0.998626 -0.012021 0.577361 -2.594158 -0.057352 2.572672 1.753751 
0.999174 -0.007198 0.577340 -2.592536 -0.059944 2.574257 1.756938 
0.999780 -0.002367 0.577276 -2.590901 -0.062512 2.575806 1.760100 
1.000520 0.002485 0.577191 -2.589295 -0.065138 2.577332 1.763256 
1.001372 0.007402 0.577131 -2.587682 -0.067831 2.578839 1.766421 
1.002277 0.012357 0.577123 -2.586025 -0.070584 2.580350 1.769582 
1.003177 0.017300 0.577128 -2.584268 -0.073387 2.581867 1.772719 
1.004088 0.022178 0.577117 -2.582376 -0.076225 2.583370 1.775824 
1.005024 0.026985 0.577097 -2.580354 -0.079074 2.584825 1.778914 
1.005948 0.031754 0.577111 -2.578293 -0.081962 2.586237 1.782008 
1.006855 0.036516 0.577107 -2.576313 -0.084877 2.587612 1.785122 
1.007732 0.041268 0.577056 -2.574394 -0.087780 2.588997 1.788304 
1.008574 0.046011 0.576930 -2.572467 -0.090655 2.590410 1.791468 
1.009369 0.050707 0.576779 -2.570546 -0.093575 2.591799 1.794620 
1.010118 0.055345 0.576734 -2.568622 -0.096560 2.593101 1.797774 
1.010845 0.059903 0.576706 -2.566679 -0.099639 2.594378 1.801025 
1.011627 0.064431 0.576616 -2.564762 -0.102827 2.595670 1.804363 
1.012455 0.068991 0.576464 -2.562878 -0.106083 2.596956 1.807723 
1.013301 0.073572 0.576275 -2.561011 -0.109354 2.598197 1.811056 
1.014162 0.078166 0.576047 -2.559027 -0.112569 2.599391 1.814411 
1.015045 0.082762 0.575704 -2.556930 -0.115710 2.600534 1.817705 
1.015983 0.087317 0.575301 -2.554708 -0.118790 2.601620 1.820947 
1.016942 0.091832 0.574906 -2.552446 -0.121838 2.602625 1.824188 
1.017866 0.096332 0.574551 -2.550102 -0.124801 2.603536 1.827478 
1.018721 0.100838 0.574164 -2.547707 -0.127618 2.604362 1.830791 
1.019524 0.105316 0.573758 -2.545347 -0.130268 2.605158 1.834073 
1.020362 0.109755 0.573365 -2.543082 -0.132812 2.605963 1.837254 
1.021287 0.114175 0.573049 -2.540828 -0.135301 2.606773 1.840283 
1.022272 0.118573 0.572799 -2.538567 -0.137792 2.607582 1.843168 
1.023286 0.122905 0.572615 -2.536247 -0.140248 2.608403 1.845995 
1.024293 0.127138 0.572470 -2.533878 -0.142698 2.609194 1.848753 
1.025295 0.131322 0.572409 -2.531516 -0.145179 2.609900 1.851506 
1.026365 0.135487 0.572511 -2.529173 -0.147664 2.610461 1.854215 
1.027541 0.139583 0.572659 -2.526823 -0.150182 2.610977 1.856926 
1.028787 0.143588 0.572740 -2.524452 -0.152708 2.611508 1.859615 
1.030018 0.147521 0.572777 -2.522098 -0.155236 2.612103 1.862238 
1.031205 0.151398 0.572697 -2.519802 -0.157687 2.612767 1.864725 
1.032325 0.155237 0.572492 -2.517534 -0.160030 2.613456 1.867131 
1.033396 0.159071 0.572189 -2.515213 -0.162331 2.614128 1.869537 
1.034415 0.162905 0.571877 -2.512843 -0.164632 2.614780 1.871994 
1.035354 0.166801 0.571525 -2.510478 -0.166992 2.615376 1.874476 
1.036239 0.170795 0.571168 -2.508054 -0.169377 2.615920 1.876994 
1.037091 0.174915 0.570788 -2.505580 -0.171818 2.616440 1.879499 
1.037957 0.179129 0.570325 -2.503133 -0.174390 2.616984 1.881879 
1.038843 0.183408 0.569814 -2.500728 -0.176985 2.617556 1.884111 
1.039730 0.187753 0.569325 -2.498321 -0.179585 2.618130 1.886162 
1.040659 0.192080 0.568845 -2.495822 -0.182187 2.618680 1.888149 
1.041622 0.196342 0.568348 -2.493183 -0.184784 2.619180 1.890232 
1.042574 0.200536 0.567819 -2.490437 -0.187352 2.619644 1.892429 
1.043479 0.204654 0.567256 -2.487646 -0.189875 2.620069 1.894668 
1.044335 0.208676 0.566691 -2.484881 -0.192360 2.620444 1.896901 
1.045188 0.212581 0.566169 -2.482171 -0.194826 2.620750 1.899155 
1.046123 0.216441 0.565771 -2.479466 -0.197271 2.620983 1.901360 
1.047203 0.220307 0.565495 -2.476699 -0.199726 2.621111 1.903451 
1.048389 0.224191 0.565365 -2.473842 -0.202242 2.621125 1.905437 
1.049609 0.228076 0.565428 -2.470888 -0.204852 2.621028 1.907371 
1.050797 0.231955 0.565696 -2.467885 -0.207528 2.620825 1.909304 
1.051865 0.235811 0.566064 -2.464868 -0.210243 2.620540 1.911262 
1.052799 0.239649 0.566436 -2.461848 -0.212999 2.620236 1.913299 
1.053640 0.243421 0.566777 -2.458874 -0.215824 2.619967 1.915401 
1.054413 0.247134 0.567085 -2.455956 -0.218731 2.619781 1.917546 
1.055143 0.250799 0.567337 -2.453113 -0.221707 2.619657 1.919736 
1.055844 0.254394 0.567479 -2.450340 -0.224728 2.619560 1.922001 
1.056576 0.257921 0.567499 -2.447657 -0.227782 2.619478 1.924291 
1.057310 0.261365 0.567421 -2.445044 -0.230844 2.619395 1.926583 
1.058013 0.264750 0.567276 -2.442462 -0.233892 2.619313 1.928887 
1.058722 0.268131 0.567098 -2.439869 -0.236902 2.619258 1.931213 
1.059472 0.271541 0.566912 -2.437267 -0.239862 2.619207 1.933534 
1.060285 0.274996 0.566745 -2.434678 -0.242796 2.619161 1.935825 
1.061121 0.278484 0.566598 -2.432120 -0.245735 2.619113 1.938102 
1.061929 0.281991 0.566500 -2.429576 -0.248687 2.619067 1.940382 
1.062742 0.285512 0.566461 -2.427011 -0.251622 2.619013 1.942665 
1.063591 0.289105 0.566479 -2.424403 -0.254512 2.618912 1.944989 
1.064436 0.292704 0.566510 -2.421765 -0.257298 2.618749 1.947312 
1.065219 0.296236 0.566437 -2.419098 -0.259978 2.618497 1.949587 
1.065944 0.299695 0.566295 -2.416394 -0.262581 2.618149 1.951804 
1.066622 0.303097 0.566114 -2.413634 -0.265148 2.617667 1.954003 
1.067255 0.306468 0.565921 -2.410869 -0.267689 2.617048 1.956264 
1.067906 0.309825 0.565729 -2.408116 -0.270219 2.616305 1.958592 
1.068588 0.313183 0.565530 -2.405339 -0.272729 2.615484 1.960938 
1.069282 0.316530 0.565307 -2.402545 -0.275228 2.614624 1.963282 
1.069975 0.319864 0.565163 -2.399650 -0.277703 2.613750 1.965536 
1.070664 0.323202 0.565044 -2.396690 -0.280225 2.612888 1.967705 
1.071340 0.326579 0.564927 -2.393679 -0.282739 2.612086 1.969863 
1.071999 0.330021 0.564762 -2.390602 -0.285228 2.611318 1.972015 
1.072655 0.333518 0.564554 -2.387509 -0.287683 2.610531 1.974164 
1.073288 0.337054 0.564380 -2.384380 -0.290076 2.609703 1.976276 
1.073903 0.340604 0.564265 -2.381212 -0.292424 2.608835 1.978329 
1.074485 0.344138 0.564176 -2.378048 -0.294786 2.607964 1.980304 
1.074955 0.347629 0.564074 -2.374852 -0.297126 2.607086 1.982174 
1.075430 0.351094 0.563952 -2.371652 -0.299439 2.606269 1.983985 
1.075996 0.354475 0.563866 -2.368491 -0.301740 2.605465 1.985792 
1.076651 0.357797 0.563842 -2.365374 -0.304008 2.604659 1.987635 
1.077295 0.361103 0.563886 -2.362346 -0.306219 2.603863 1.989530 
1.077863 0.364414 0.563974 -2.359424 -0.308394 2.603057 1.991431 
1.078397 0.367720 0.564095 -2.356616 -0.310595 2.602203 1.993324 
1.079009 0.371026 0.564196 -2.353864 -0.312837 2.601285 1.995220 
1.079753 0.374364 0.564242 -2.351110 -0.315122 2.600337 1.997158 
1.080591 0.377723 0.564213 -2.348307 -0.317396 2.599376 1.999175 
1.081490 0.381104 0.564172 -2.345431 -0.319628 2.598422 2.001223 
1.082401 0.384474 0.564201 -2.342427 -0.321789 2.597477 2.003297 
1.083353 0.387799 0.564308 -2.339372 -0.323893 2.596549 2.005405 
1.084339 0.391085 0.564391 -2.336334 -0.325977 2.595631 2.007520 
1.085286 0.394347 0.564360 -2.333307 -0.328037 2.594724 2.009602 
1.086160 0.397587 0.564237 -2.330265 -0.330054 2.593858 2.011621 
1.086985 0.400761 0.564030 -2.327192 -0.332021 2.592990 2.013532 
1.087808 0.403874 0.563774 -2.324052 -0.334025 2.592048 2.015413 
1.088648 0.406937 0.563464 -2.320850 -0.336077 2.591001 2.017224 
1.089485 0.409959 0.563118 -2.317643 -0.338098 2.589896 2.018994 
1.090324 0.412988 0.562813 -2.314479 -0.340040 2.588779 2.020813 
1.091202 0.416032 0.562555 -2.311361 -0.341937 2.587653 2.022712 
1.092083 0.419072 0.562310 -2.308272 -0.343837 2.586473 2.024609 
1.092988 0.422077 0.562066 -2.305125 -0.345747 2.585201 2.026425 
1.093879 0.425032 0.561863 -2.301909 -0.347645 2.583822 2.028168 
1.094772 0.427975 0.561745 -2.298685 -0.349504 2.582373 2.029857 
1.095681 0.430947 0.561713 -2.295442 -0.351310 2.580885 2.031561 
1.096621 0.433906 0.561743 -2.292154 -0.353075 2.579362 2.033305 
1.097572 0.436835 0.561753 -2.288848 -0.354841 2.577761 2.035031 
1.098474 0.439828 0.561727 -2.285556 -0.356613 2.576147 2.036745 
1.099375 0.442844 0.561755 -2.282310 -0.358401 2.574569 2.038543 
1.100310 0.445852 0.561819 -2.279147 -0.360224 2.573030 2.040370 
1.101270 0.448815 0.561897 -2.276077 -0.362117 2.571543 2.042149 
1.102215 0.451759 0.561952 -2.273079 -0.364074 2.570066 2.043859 
1.103095 0.454688 0.561989 -2.270077 -0.366066 2.568560 2.045552 
1.103880 0.457633 0.562006 -2.267018 -0.368019 2.567012 2.047230 
1.104613 0.460582 0.562033 -2.263890 -0.369906 2.565411 2.048902 
1.105362 0.463502 0.562090 -2.260714 -0.371716 2.563761 2.050552 
1.106133 0.466414 0.562189 -2.257514 -0.373445 2.562073 2.052141 
1.106871 0.469340 0.562309 -2.254261 -0.375081 2.560366 2.053695 
1.107610 0.472295 0.562466 -2.250944 -0.376628 2.558683 2.055201 
1.108436 0.475231 0.562612 -2.247644 -0.378170 2.557050 2.056650 
1.109315 0.478140 0.562715 -2.244340 -0.379738 2.555477 2.058103 
1.110236 0.481016 0.562748 -2.241066 -0.381379 2.553948 2.059553 
1.111203 0.483840 0.562786 -2.237772 -0.383040 2.552430 2.061017 
1.112252 0.486702 0.562860 -2.234424 -0.384709 2.550914 2.062458 
1.113400 0.489642 0.562938 -2.231031 -0.386328 2.549400 2.063873 
1.114575 0.492651 0.562963 -2.227591 -0.387885 2.547881 2.065244 
1.115768 0.495647 0.562937 -2.224108 -0.389405 2.546358 2.066601 
1.116971 0.498572 0.562875 -2.220618 -0.390877 2.544850 2.067969 
1.118180 0.501467 0.562853 -2.217171 -0.392337 2.543352 2.069338 
1.119389 0.504444 0.563014 -2.213768 -0.393808 2.541886 2.070670 
1.120603 0.507465 0.563289 -2.210393 -0.395265 2.540396 2.071987 
1.121740 0.510574 0.563619 -2.207013 -0.396759 2.538909 2.073344 
1.122818 0.513732 0.563926 -2.203655 -0.398326 2.537453 2.074733 
1.123841 0.516887 0.564235 -2.200291 -0.399972 2.536029 2.076057 
1.124872 0.519991 0.564583 -2.196974 -0.401656 2.534663 2.077402 
1.125958 0.523027 0.564916 -2.193743 -0.403321 2.533360 2.078783 
1.127121 0.525999 0.565216 -2.190580 -0.404982 2.532137 2.080181 
1.128334 0.528931 0.565524 -2.187448 -0.406704 2.530949 2.081492 
1.129598 0.531832 0.565871 -2.184360 -0.408475 2.529802 2.082698 
1.130920 0.534699 0.566223 -2.181315 -0.410302 2.528753 2.083859 
1.132280 0.537494 0.566584 -2.178251 -0.412168 2.527743 2.085044 
1.133641 0.540264 0.566991 -2.175137 -0.414104 2.526691 2.086199 
1.134986 0.543060 0.567462 -2.171986 -0.416079 2.525594 2.087314 
1.136334 0.545887 0.568018 -2.168833 -0.418099 2.524456 2.088378 
1.137703 0.548740 0.568617 -2.165667 -0.420153 2.523297 2.089440 
1.139134 0.551613 0.569195 -2.162471 -0.422189 2.522117 2.090565 
1.140594 0.554475 0.569744 -2.159227 -0.424165 2.520893 2.091706 
1.141990 0.557337 0.570249 -2.155913 -0.426103 2.519620 2.092820 
1.143311 0.560161 0.570705 -2.152558 -0.428100 2.518306 2.093901 
1.144638 0.562929 0.571164 -2.149247 -0.430175 2.516946 2.094960 
1.146021 0.565671 0.571687 -2.145995 -0.432312 2.515499 2.095985 
1.147450 0.568389 0.572237 -2.142778 -0.434541 2.513941 2.096923 
1.148872 0.571091 0.572780 -2.139545 -0.436837 2.512363 2.097764 
1.150212 0.573811 0.573341 -2.136328 -0.439219 2.510838 2.098545 
1.151475 0.576548 0.573858 -2.133130 -0.441690 2.509373 2.099360 
1.152724 0.579323 0.574369 -2.129926 -0.444167 2.507903 2.100278 
1.153950 0.582137 0.574903 -2.126656 -0.446612 2.506359 2.101257 
1.155111 0.584943 0.575481 -2.123297 -0.449010 2.504778 2.102232 
1.156149 0.587717 0.576128 -2.119848 -0.451381 2.503210 2.103191 
1.157121 0.590485 0.576845 -2.116383 -0.453767 2.501601 2.104148 
1.158050 0.593309 0.577624 -2.112928 -0.456231 2.499898 2.105087 
1.158916 0.596206 0.578489 -2.109524 -0.458756 2.498125 2.106023 
1.159717 0.599170 0.579416 -2.106186 -0.461336 2.496353 2.106975 
1.160433 0.602102 0.580369 -2.102912 -0.463912 2.494652 2.107922 
1.161096 0.605030 0.581328 -2.099604 -0.466491 2.493036 2.108878 
1.161802 0.607934 0.582288 -2.096255 -0.469120 2.491496 2.109796 
1.162585 0.610833 0.583242 -2.092891 -0.471769 2.489998 2.110670 
1.163462 0.613717 0.584198 -2.089582 -0.474422 2.488494 2.111537 
1.164426 0.616582 0.585193 -2.086288 -0.477079 2.486997 2.112404 
1.165425 0.619441 0.586257 -2.082977 -0.479729 2.485532 2.113220 
1.166436 0.622316 0.587415 -2.079633 -0.482355 2.484140 2.114000 
1.167510 0.625204 0.588614 -2.076250 -0.484937 2.482799 2.114826 
1.168652 0.628095 0.589826 -2.072851 -0.487467 2.481422 2.115654 
1.169823 0.630990 0.591027 -2.069506 -0.489880 2.479941 2.116492 
1.171013 0.633876 0.592194 -2.066155 -0.492176 2.478266 2.117283 
1.172228 0.636887 0.593304 -2.062741 -0.494411 2.476411 2.118033 
1.173411 0.640089 0.594449 -2.059250 -0.496621 2.474474 2.118815 
1.174622 0.643370 0.595603 -2.055631 -0.498759 2.472451 2.119632 
1.175925 0.646602 0.596764 -2.051908 -0.500814 2.470352 2.120423 
1.177348 0.649754 0.597839 -2.048168 -0.502797 2.468230 2.121149 
1.178863 0.652793 0.598804 -2.044448 -0.504608 2.466100 2.121806 
1.180418 0.655761 0.599680 -2.040734 -0.506273 2.463983 2.122348 
1.182028 0.658654 0.600502 -2.037003 -0.507880 2.461892 2.122825 
1.183665 0.661491 0.601314 -2.033233 -0.509475 2.459836 2.123280 
1.185304 0.664324 0.602106 -2.029395 -0.511074 2.457756 2.123733 
1.186923 0.667204 0.602866 -2.025495 -0.512692 2.455671 2.124223 
1.188463 0.670158 0.603681 -2.021633 -0.514253 2.453589 2.124762 
1.189938 0.673196 0.604577 -2.017847 -0.515654 2.451517 2.125319 
1.191414 0.676261 0.605398 -2.014120 -0.516933 2.449467 2.125817 
1.192942 0.679289 0.606106 -2.010328 -0.518168 2.447467 2.126275 
1.194508 0.682221 0.606718 -2.006479 -0.519349 2.445513 2.126686 
1.196131 0.685057 0.607333 -2.002666 -0.520562 2.443599 2.127020 
1.197800 0.687859 0.608008 -1.998843 -0.521783 2.441713 2.127297 
1.199461 0.690685 0.608721 -1.995002 -0.522979 2.439784 2.127517 
1.201133 0.693526 0.609293 -1.991160 -0.524107 2.437807 2.127744 
1.202824 0.696337 0.609793 -1.987335 -0.525154 2.435786 2.127993 
1.204473 0.699085 0.610378 -1.983506 -0.526121 2.433711 2.128272 
1.206004 0.701739 0.610997 -1.979716 -0.526963 2.431628 2.128601 
1.207371 0.704334 0.611600 -1.975953 -0.527680 2.429595 2.128862 
1.208653 0.706878 0.612125 -1.972234 -0.528363 2.427614 2.129093 
1.209894 0.709438 0.612607 -1.968574 -0.529052 2.425702 2.129373 
1.211100 0.712015 0.613180 -1.964983 -0.529736 2.423840 2.129700 
1.212295 0.714642 0.613916 -1.961485 -0.530371 2.422060 2.130013 
1.213467 0.717291 0.614709 -1.958057 -0.530982 2.420333 2.130308 
1.214616 0.719967 0.615490 -1.954591 -0.531600 2.418665 2.130634 
1.215752 0.722641 0.616241 -1.951061 -0.532270 2.417017 2.131081 
1.216910 0.725302 0.616913 -1.947508 -0.533010 2.415371 2.131609 
1.218044 0.727937 0.617566 -1.943989 -0.533749 2.413691 2.132088 
1.219176 0.730614 0.618272 -1.940451 -0.534493 2.411983 2.132459 
1.220384 0.733356 0.619024 -1.936865 -0.535290 2.410299 2.132806 
1.221656 0.736084 0.619808 -1.933220 -0.536113 2.408670 2.133176 
1.222974 0.738801 0.620564 -1.929541 -0.536943 2.407092 2.133571 
1.224375 0.741484 0.621248 -1.925857 -0.537752 2.405535 2.133906 
1.225849 0.744143 0.621869 -1.922188 -0.538525 2.404025 2.134167 
1.227396 0.746740 0.622473 -1.918626 -0.539244 2.402592 2.134421 
1.228973 0.749276 0.623051 -1.915171 -0.539915 2.401175 2.134664 
1.230550 0.751712 0.623565 -1.911789 -0.540533 2.399738 2.134938 
1.232085 0.754026 0.623940 -1.908453 -0.541125 2.398290 2.135220 
1.233538 0.756209 0.624160 -1.905180 -0.541704 2.396868 2.135511 
1.234892 0.758294 0.624291 -1.901974 -0.542284 2.395513 2.135774 
1.236200 0.760314 0.624371 -1.898792 -0.542882 2.394209 2.136015 
1.237515 0.762249 0.624421 -1.895639 -0.543461 2.392923 2.136241 
1.238812 0.764208 0.624411 -1.892446 -0.543985 2.391646 2.136500 
1.240121 0.766173 0.624353 -1.889156 -0.544425 2.390352 2.136887 
1.241403 0.768095 0.624196 -1.885815 -0.544776 2.389030 2.137374 
1.242736 0.769975 0.624022 -1.882416 -0.545093 2.387678 2.137882 
1.244131 0.771899 0.623881 -1.878979 -0.545382 2.386374 2.138360 
1.245604 0.773880 0.623811 -1.875544 -0.545648 2.385134 2.138803 
1.247115 0.775924 0.623816 -1.872116 -0.545884 2.383975 2.139161 
1.248713 0.778025 0.623852 -1.868710 -0.546097 2.382817 2.139462 
1.250338 0.780151 0.623881 -1.865278 -0.546227 2.381582 2.139748 
1.251919 0.782242 0.623868 -1.861819 -0.546282 2.380219 2.140061 
1.253466 0.784304 0.623791 -1.858323 -0.546272 2.378737 2.140403 
1.254915 0.786338 0.623751 -1.854856 -0.546212 2.377175 2.140782 
1.256278 0.788387 0.623771 -1.851468 -0.546186 2.375599 2.141177 
1.257559 0.790488 0.623884 -1.848088 -0.546199 2.374099 2.141627 
1.258816 0.792613 0.624003 -1.844756 -0.546254 2.372749 2.142110 
1.260077 0.794747 0.624123 -1.841406 -0.546270 2.371552 2.142610 
1.261435 0.796834 0.624138 -1.838001 -0.546154 2.370420 2.143117 
1.262870 0.798862 0.624080 -1.834589 -0.545944 2.369297 2.143617 
1.264404 0.800876 0.624028 -1.831184 -0.545672 2.368198 2.144105 
1.266045 0.802905 0.624068 -1.827884 -0.545341 2.367126 2.144595 
1.267763 0.804944 0.624156 -1.824653 -0.544954 2.366061 2.145091 
1.269551 0.806963 0.624259 -1.821478 -0.544544 2.364999 2.145647 
1.271405 0.808940 0.624374 -1.818342 -0.544139 2.363980 2.146211 
1.273349 0.810868 0.624520 -1.815257 -0.543817 2.363072 2.146710 
1.275321 0.812733 0.624673 -1.812195 -0.543547 2.362281 2.147124 
1.277253 0.814533 0.624815 -1.809150 -0.543331 2.361565 2.147437 
1.279085 0.816278 0.624837 -1.806118 -0.543143 2.360882 2.147689 
1.280833 0.817952 0.624669 -1.803068 -0.542980 2.360178 2.147925 
1.282518 0.819569 0.624353 -1.799995 -0.542852 2.359407 2.148185 
1.284202 0.821116 0.623821 -1.796927 -0.542732 2.358483 2.148458 
1.285925 0.822568 0.623153 -1.793878 -0.542599 2.357427 2.148728 
1.287708 0.823923 0.622386 -1.790844 -0.542430 2.356334 2.148974 
1.289557 0.825167 0.621555 -1.787770 -0.542207 2.355277 2.149190 
1.291474 0.826400 0.620678 -1.784638 -0.541929 2.354275 2.149449 
1.293457 0.827684 0.619749 -1.781391 -0.541593 2.353297 2.149791 
1.295538 0.829036 0.618818 -1.778044 -0.541168 2.352330 2.150177 
1.297723 0.830443 0.617915 -1.774672 -0.540630 2.351361 2.150550 
1.299984 0.831917 0.616994 -1.771310 -0.540005 2.350402 2.150890 
1.302189 0.833422 0.616007 -1.767979 -0.539271 2.349472 2.151187 
1.304393 0.834951 0.614963 -1.764667 -0.538522 2.348547 2.151500 
1.306650 0.836455 0.613863 -1.761393 -0.537818 2.347583 2.151824 
1.309009 0.837863 0.612744 -1.758154 -0.537145 2.346567 2.152140 
1.311446 0.839168 0.611638 -1.754997 -0.536457 2.345594 2.152376 
1.313935 0.840440 0.610576 -1.751850 -0.535769 2.344690 2.152565 
1.316435 0.841761 0.609572 -1.748662 -0.535104 2.343804 2.152722 
1.318936 0.843130 0.608535 -1.745443 -0.534447 2.342850 2.152887 
1.321472 0.844540 0.607481 -1.742203 -0.533786 2.341836 2.153060 
1.324060 0.845910 0.606448 -1.738893 -0.533094 2.340735 2.153218 
1.326682 0.847310 0.605471 -1.735521 -0.532358 2.339638 2.153346 
1.329350 0.848782 0.604549 -1.732119 -0.531615 2.338552 2.153473 
1.332039 0.850296 0.603657 -1.728746 -0.530915 2.337446 2.153650 
1.334707 0.851784 0.602729 -1.725446 -0.530294 2.336326 2.153897 
1.337316 0.853227 0.601761 -1.722167 -0.529687 2.335193 2.154146 
1.339881 0.854580 0.600787 -1.718906 -0.529016 2.334046 2.154346 
1.342437 0.855846 0.599792 -1.715751 -0.528223 2.332925 2.154478 
1.345022 0.857080 0.598826 -1.712663 -0.527344 2.331862 2.154511 
1.347547 0.858301 0.597835 -1.709576 -0.526430 2.330881 2.154530 
1.350088 0.859531 0.596775 -1.706409 -0.525594 2.329954 2.154627 
1.352653 0.860796 0.595683 -1.703198 -0.524866 2.329032 2.154772 
1.355292 0.862029 0.594508 -1.699930 -0.524138 2.328071 2.154915 
1.358004 0.863260 0.593285 -1.696709 -0.523325 2.327108 2.155016 
1.360769 0.864469 0.592036 -1.693628 -0.522455 2.326167 2.155090 
1.363565 0.865657 0.590751 -1.690663 -0.521574 2.325197 2.155117 
1.366386 0.866811 0.589487 -1.687762 -0.520678 2.324178 2.155095 
1.369221 0.867936 0.588240 -1.684866 -0.519770 2.323100 2.155052 
1.372079 0.869002 0.586984 -1.681976 -0.518825 2.321979 2.155010 
1.374981 0.870067 0.585694 -1.679069 -0.517856 2.320803 2.154948 
1.377971 0.871113 0.584370 -1.676134 -0.516860 2.319564 2.154909 
1.381018 0.872115 0.582999 -1.673186 -0.515833 2.318315 2.154877 
1.384024 0.873067 0.581553 -1.670270 -0.514784 2.317125 2.154861 
1.386933 0.873975 0.580064 -1.667351 -0.513765 2.316032 2.154913 
1.389816 0.874858 0.578551 -1.664446 -0.512762 2.314996 2.154987 
1.392788 0.875711 0.577034 -1.661557 -0.511750 2.313961 2.155039 
1.395809 0.876572 0.575530 -1.658707 -0.510691 2.312906 2.155050 
1.398893 0.877466 0.574014 -1.655880 -0.509623 2.311793 2.155026 
1.402050 0.878350 0.572472 -1.653033 -0.508529 2.310613 2.154973 
1.405287 0.879214 0.570878 -1.650087 -0.507416 2.309362 2.154849 
1.408592 0.880039 0.569279 -1.647081 -0.506271 2.308043 2.154679 
1.411926 0.880844 0.567658 -1.644065 -0.505097 2.306691 2.154577 
1.415185 0.881673 0.565948 -1.641043 -0.503846 2.305379 2.154544 
1.418433 0.882551 0.564141 -1.638005 -0.502594 2.304159 2.154553 
1.421737 0.883466 0.562253 -1.634935 -0.501367 2.302989 2.154529 
1.425059 0.884390 0.560378 -1.631854 -0.500161 2.301830 2.154466 
1.428392 0.885310 0.558517 -1.628779 -0.498959 2.300678 2.154361 
1.431717 0.886242 0.556636 -1.625743 -0.497750 2.299529 2.154237 
1.434973 0.887178 0.554754 -1.622707 -0.496529 2.298402 2.154165 
1.438157 0.888107 0.552872 -1.619665 -0.495274 2.297296 2.154123 
1.441333 0.889009 0.551003 -1.616594 -0.493986 2.296216 2.154076 
1.444517 0.889897 0.549159 -1.613536 -0.492668 2.295175 2.154015 
1.447721 0.890834 0.547341 -1.610481 -0.491343 2.294172 2.153949 
1.450930 0.891831 0.545540 -1.607413 -0.490010 2.293190 2.153854 
1.454131 0.892862 0.543713 -1.604327 -0.488703 2.292191 2.153739 
1.457349 0.893907 0.541835 -1.601242 -0.487388 2.291185 2.153633 
1.460575 0.894906 0.540010 -1.598169 -0.486044 2.290170 2.153529 
1.463802 0.895833 0.538198 -1.595111 -0.484700 2.289171 2.153417 
1.467007 0.896700 0.536353 -1.592110 -0.483371 2.288178 2.153313 
1.470171 0.897537 0.534447 -1.589191 -0.482052 2.287214 2.153266 
1.473337 0.898347 0.532470 -1.586289 -0.480716 2.286251 2.153234 
1.476472 0.899176 0.530493 -1.583384 -0.479343 2.285320 2.153177 
1.479543 0.900015 0.528529 -1.580497 -0.477929 2.284426 2.153089 
1.482547 0.900832 0.526539 -1.577664 -0.476491 2.283566 2.153004 
1.485525 0.901611 0.524517 -1.574886 -0.475041 2.282730 2.152888 
1.488501 0.902366 0.522502 -1.572154 -0.473555 2.281935 2.152695 
1.491503 0.903114 0.520495 -1.569450 -0.472051 2.281205 2.152495 
1.494565 0.903833 0.518453 -1.566780 -0.470511 2.280544 2.152331 
1.497703 0.904559 0.516342 -1.564120 -0.468945 2.279938 2.152212 
1.500908 0.905292 0.514196 -1.561440 -0.467362 2.279373 2.152129 
1.504123 0.906064 0.512072 -1.558744 -0.465785 2.278826 2.152009 
1.507311 0.906853 0.509992 -1.556038 -0.464242 2.278270 2.151826 
1.510450 0.907662 0.507968 -1.553369 -0.462755 2.277734 2.151680 
1.513585 0.908416 0.505923 -1.550747 -0.461304 2.277235 2.151617 
1.516723 0.909146 0.503859 -1.548143 -0.459835 2.276812 2.151585 
1.519886 0.909855 0.501760 -1.545584 -0.458315 2.276452 2.151518 
1.523111 0.910572 0.499625 -1.543045 -0.456750 2.276121 2.151432 
1.526384 0.911288 0.497438 -1.540493 -0.455155 2.275811 2.151348 
1.529671 0.912025 0.495195 -1.537913 -0.453546 2.275500 2.151244 
1.532912 0.912759 0.492932 -1.535322 -0.451921 2.275235 2.151127 
1.536114 0.913472 0.490698 -1.532763 -0.450309 2.275033 2.151036 
1.539283 0.914137 0.488473 -1.530252 -0.448696 2.274901 2.151000 
1.542442 0.914739 0.486203 -1.527808 -0.447058 2.274796 2.150986 
1.545617 0.915276 0.483845 -1.525432 -0.445372 2.274690 2.150947 
1.548802 0.915769 0.481372 -1.523128 -0.443635 2.274557 2.150909 
1.551965 0.916221 0.478811 -1.520892 -0.441863 2.274411 2.150904 
1.555043 0.916639 0.476176 -1.518699 -0.440098 2.274260 2.150932 
1.558048 0.917020 0.473516 -1.516552 -0.438381 2.274086 2.150977 
1.561024 0.917372 0.470891 -1.514449 -0.436731 2.273870 2.151014 
1.563952 0.917684 0.468340 -1.512383 -0.435150 2.273608 2.151009 
1.566847 0.917992 0.465897 -1.510384 -0.433609 2.273324 2.150951 
1.569735 0.918250 0.463501 -1.508465 -0.432057 2.272993 2.150877 
1.572673 0.918427 0.461111 -1.506635 -0.430458 2.272594 2.150798 
1.575656 0.918614 0.458703 -1.504927 -0.428821 2.272204 2.150712 
1.578716 0.918821 0.456323 -1.503284 -0.427177 2.271879 2.150666 
1.581848 0.919004 0.454023 -1.501704 -0.425525 2.271601 2.150599 
1.585027 0.919109 0.451791 -1.500147 -0.423877 2.271353 2.150532 
1.588229 0.919160 0.449626 -1.498609 -0.422228 2.271115 2.150475 
1.591449 0.919206 0.447447 -1.497155 -0.420549 2.270917 2.150468 
1.594668 0.919262 0.445178 -1.495790 -0.418807 2.270788 2.150543 
1.597914 0.919279 0.442769 -1.494457 -0.416966 2.270663 2.150644 
1.601210 0.919263 0.440280 -1.493152 -0.415089 2.270539 2.150751 
1.604560 0.919207 0.437712 -1.491929 -0.413169 2.270438 2.150875 
1.607951 0.919116 0.435076 -1.490770 -0.411209 2.270403 2.150995 
1.611334 0.919008 0.432422 -1.489641 -0.409233 2.270454 2.151119 
1.614672 0.918871 0.429762 -1.488576 -0.407216 2.270623 2.151224 
1.618006 0.918703 0.427088 -1.487626 -0.405168 2.270870 2.151337 
1.621365 0.918509 0.424410 -1.486739 -0.403104 2.271190 2.151512 
1.624704 0.918276 0.421828 -1.485907 -0.401021 2.271539 2.151683 
1.627984 0.918002 0.419312 -1.485141 -0.398918 2.271903 2.151789 
1.631181 0.917708 0.416778 -1.484431 -0.396826 2.272289 2.151859 
1.634330 0.917409 0.414179 -1.483798 -0.394743 2.272710 2.151926 
1.637391 0.917112 0.411594 -1.483163 -0.392657 2.273213 2.152056 
1.640315 0.916873 0.409086 -1.482541 -0.390549 2.273848 2.152186 
1.643169 0.916709 0.406691 -1.481863 -0.388422 2.274508 2.152296 
1.646031 0.916598 0.404331 -1.481123 -0.386301 2.275093 2.152406 
1.649010 0.916493 0.401898 -1.480332 -0.384190 2.275580 2.152545 
1.652108 0.916408 0.399424 -1.479534 -0.382112 2.276027 2.152654 
1.655277 0.916327 0.396942 -1.478718 -0.380073 2.276466 2.152718 
1.658489 0.916234 0.394451 -1.477916 -0.378056 2.276916 2.152741 
1.661744 0.916137 0.391916 -1.477148 -0.376057 2.277377 2.152771 
1.665031 0.916029 0.389341 -1.476393 -0.374053 2.277836 2.152821 
1.668333 0.915887 0.386749 -1.475621 -0.372026 2.278255 2.152898 
1.671651 0.915706 0.384158 -1.474845 -0.369955 2.278620 2.152967 
1.674941 0.915527 0.381646 -1.474082 -0.367835 2.278982 2.153021 
1.678162 0.915381 0.379216 -1.473357 -0.365693 2.279412 2.153079 
1.681326 0.915247 0.376849 -1.472672 -0.363520 2.279909 2.153138 
1.684438 0.915109 0.374493 -1.472054 -0.361331 2.280428 2.153214 
1.687557 0.914968 0.372082 -1.471528 -0.359107 2.280950 2.153339 
1.690691 0.914786 0.369650 -1.470999 -0.356880 2.281504 2.153472 
1.693798 0.914562 0.367212 -1.470365 -0.354637 2.282099 2.153609 
1.696908 0.914296 0.364842 -1.469656 -0.352415 2.282676 2.153690 
1.699983 0.914033 0.362544 -1.468925 -0.350188 2.283218 2.153739 
1.703002 0.913831 0.360192 -1.468216 -0.348011 2.283765 2.153763 
1.705989 0.913718 0.357780 -1.467536 -0.345907 2.284355 2.153785 
1.708991 0.913632 0.355407 -1.466899 -0.343842 2.284979 2.153793 
1.712035 0.913578 0.353102 -1.466290 -0.341780 2.285610 2.153835 
1.715122 0.913525 0.350864 -1.465693 -0.339699 2.286251 2.153867 
1.718261 0.913491 0.348694 -1.465082 -0.337565 2.286869 2.153818 
1.721430 0.913478 0.346552 -1.464487 -0.335394 2.287522 2.153714 
1.724662 0.913455 0.344389 -1.463871 -0.333243 2.288210 2.153591 
1.727962 0.913408 0.342112 -1.463209 -0.331086 2.288935 2.153479 
1.731259 0.913317 0.339686 -1.462548 -0.328878 2.289682 2.153417 
1.734525 0.913195 0.337140 -1.461942 -0.326600 2.290425 2.153398 
1.737764 0.913057 0.334525 -1.461408 -0.324234 2.291168 2.153425 
1.740949 0.912909 0.331880 -1.460940 -0.321777 2.291891 2.153484 
1.744066 0.912758 0.329231 -1.460518 -0.319284 2.292642 2.153547 
1.747131 0.912623 0.326585 -1.460156 -0.316752 2.293460 2.153566 
1.750159 0.912498 0.323987 -1.459829 -0.314204 2.294386 2.153557 
1.753187 0.912378 0.321416 -1.459489 -0.311627 2.295406 2.153513 
1.756213 0.912265 0.318891 -1.459113 -0.309014 2.296452 2.153482 
1.759241 0.912167 0.316427 -1.458716 -0.306352 2.297456 2.153445 
1.762328 0.912097 0.314063 -1.458297 -0.303648 2.298403 2.153368 
1.765446 0.912004 0.311713 -1.457898 -0.300903 2.299281 2.153300 
1.768564 0.911873 0.309341 -1.457532 -0.298116 2.300123 2.153286 
1.771631 0.911742 0.306966 -1.457251 -0.295307 2.300973 2.153286 
1.774706 0.911617 0.304604 -1.456968 -0.292521 2.301826 2.153280 
1.777790 0.911520 0.302270 -1.456674 -0.289746 2.302670 2.153255 
1.780895 0.911432 0.299978 -1.456315 -0.287000 2.303502 2.153224 
1.784014 0.911342 0.297698 -1.455901 -0.284282 2.304326 2.153170 
1.787140 0.911237 0.295425 -1.455454 -0.281587 2.305144 2.153100 
1.790258 0.911112 0.293126 -1.455027 -0.278906 2.305958 2.153024 
1.793375 0.910976 0.290797 -1.454658 -0.276239 2.306766 2.152978 
1.796479 0.910841 0.288465 -1.454345 -0.273575 2.307567 2.152962 
1.799561 0.910704 0.286131 -1.454096 -0.270903 2.308357 2.152962 
1.802629 0.910553 0.283846 -1.453912 -0.268222 2.309112 2.152992 
1.805677 0.910366 0.281569 -1.453778 -0.265537 2.309854 2.153031 
1.808747 0.910127 0.279254 -1.453669 -0.262870 2.310577 2.153066 
1.811864 0.909836 0.276865 -1.453611 -0.260183 2.311293 2.153105 
1.814994 0.909534 0.274367 -1.453613 -0.257482 2.312028 2.153116 
